ESP1 1785850225.417013 1920 1080 -20.706942 1.551500 -6.866765 -1.523284197 -0.090309761 0.000000000 75.000000 -20.823225 0.050000 -6.861233 6
T anHldroKNtSHGVxo 26.323650 0.072773 2.598970 26.129978 0.067811 2.040544 26.491783 1.956048 3.157417 125.000 125.000 0.000 0.000 0 1 26.359089 1.563166 2.666384 1
T anHldroKNtSHGVyc -28.000000 0.050000 -13.000000 -28.193672 0.045038 -13.558426 -27.831867 1.933275 -12.441553 125.000 125.000 0.000 0.000 0 1 -27.964561 1.540393 -12.932586 0
T anHldroKNtSHGVxk 16.218096 0.078352 -1.400406 16.024424 0.073391 -1.958833 16.386229 1.961627 -0.841960 125.000 125.000 0.000 0.000 0 1 16.253534 1.568745 -1.332992 1
T anHldroKNtSHGVwk -8.783377 0.090608 -13.467101 -8.977049 0.085646 -14.025527 -8.615244 1.973882 -12.908654 13.000 125.000 0.000 0.000 0 1 -8.747938 1.581001 -13.399687 1
T anHldroKNtSHGVxg 6.320754 0.064158 -5.500309 6.127081 0.059197 -6.058735 6.488885 1.947433 -4.941863 125.000 125.000 0.000 0.000 0 1 6.356192 1.554551 -5.432895 1
T anHldroKNtSHGVwo -3.676519 0.059259 -9.500687 -3.870191 0.054297 -10.059113 -3.508387 1.942533 -8.942240 62.000 125.000 0.000 0.000 0 1 -3.641081 1.549652 -9.433272 1
W 118 1100.000000 0.000000
C 0 6 0
S 1
