ESP1 1785852924.996072 1920 1080 -19.359743 1.551500 -8.777223 -1.612361073 -0.061539464 0.000000000 75.000000 -19.476057 0.050000 -8.782058 6
T anHsfroKNtSHGuNy -3.678915 0.053888 -9.500251 -3.872587 0.048926 -10.058677 -3.510783 1.937163 -8.941804 23.000 125.000 0.000 0.000 0 1 -3.643073 1.543795 -9.429502 1
T anHsfroKNtSHGuOG -28.000000 0.040173 -13.000000 -28.193672 0.035211 -13.558426 -27.831867 1.923448 -12.441553 125.000 125.000 0.000 0.000 0 1 -27.964159 1.530080 -12.929251 0
T anHsfroKNtSHGuN+ 26.319830 0.065250 2.599643 26.126158 0.060289 2.041217 26.487963 1.948525 3.158090 125.000 125.000 0.000 0.000 0 1 26.355671 1.555157 2.670393 1
T anHsfroKNtSHGuN2 6.320195 0.062430 -5.500302 6.126523 0.057468 -6.058729 6.488327 1.945704 -4.941856 5.000 125.000 0.000 0.000 0 1 6.356036 1.552337 -5.429553 1
T anHsfroKNtSHGuNu -8.782777 0.083989 -13.465312 -8.976449 0.079027 -14.023738 -8.614644 1.967263 -12.906865 125.000 125.000 0.000 0.000 0 1 -8.746935 1.573896 -13.394563 1
T anHsfroKNtSHGuN6 16.217573 0.075766 -1.400396 16.023901 0.070805 -1.958822 16.385706 1.959041 -0.841949 125.000 125.000 0.000 0.000 0 1 16.253414 1.565673 -1.329646 1
W 118 1100.000000 0.000000
C 0 6 0
S 1
