ESP1 1785856744.913268 1920 1080 -19.950039 1.551500 -5.416540 -1.444375992 -0.039546300 0.000000000 75.000000 -20.066145 0.050000 -5.408066 6
T anIBzlHpWilYCp2x 16.217760 0.076694 -1.400401 16.024088 0.071732 -1.958827 16.385893 1.959969 -0.841954 125.000 125.000 0.000 0.000 0 1 16.251835 1.563956 -1.329241 1
T anIBzlHpWilYCp2n -3.678922 0.053868 -9.500251 -3.872595 0.048906 -10.058677 -3.510791 1.937142 -8.941804 125.000 125.000 0.000 0.000 0 1 -3.644848 1.541129 -9.429091 1
T anIBzlHpWilYCp2j -8.782512 0.083011 -13.465766 -8.976184 0.078050 -14.024192 -8.614379 1.966286 -12.907319 125.000 125.000 0.000 0.000 0 1 -8.748437 1.570273 -13.394607 1
T anIBzlHpWilYCp21 26.319571 0.064300 2.599639 26.125898 0.059339 2.041213 26.487703 1.947575 3.158086 125.000 125.000 0.000 0.000 0 1 26.353645 1.551562 2.670799 1
T anIBzlHpWilYCp28 -28.000000 0.050000 -13.000000 -28.193672 0.045038 -13.558426 -27.831867 1.933275 -12.441553 125.000 125.000 0.000 0.000 0 1 -27.965925 1.537262 -12.928841 0
T anIBzlHpWilYCp2s 6.319791 0.061182 -5.500313 6.126119 0.056220 -6.058740 6.487923 1.944457 -4.941867 125.000 125.000 0.000 0.000 0 1 6.353866 1.548444 -5.429153 1
W 118 1100.000000 0.000000
C 0 6 0
S 1
