ESP1 1785853446.827041 1920 1080 -19.141521 1.551500 -6.513111 -1.643707514 0.004762981 0.000000000 75.000000 -19.257626 0.050000 -6.521597 6
T anHy5boKNtSHHFQz 16.224382 0.084361 -1.400800 16.030710 0.079399 -1.959227 16.392515 1.967636 -0.842354 125.000 125.000 0.000 0.000 0 1 16.259220 1.574581 -1.330246 1
T anHy5boKNtSHHFQn -8.783377 0.090608 -13.467101 -8.977049 0.085646 -14.025527 -8.615244 1.973882 -12.908654 125.000 125.000 0.000 0.000 0 1 -8.748540 1.580827 -13.396547 1
T anHy5boKNtSHHFQv 6.322746 0.069803 -5.500765 6.129074 0.064841 -6.059191 6.490878 1.953078 -4.942318 125.000 125.000 0.000 0.000 0 1 6.357583 1.560023 -5.430211 1
T anHy5boKNtSHHFQr -3.676519 0.059258 -9.500687 -3.870191 0.054297 -10.059113 -3.508387 1.942533 -8.942240 125.000 125.000 0.000 0.000 0 1 -3.641682 1.549478 -9.430133 1
T anHy5boKNtSHHFQ3 26.320000 0.065897 2.599643 26.126328 0.060935 2.041217 26.488132 1.949172 3.158090 125.000 125.000 0.000 0.000 0 1 26.354837 1.556116 2.670197 1
T anHy5boKNtSHHFQ7 -28.000000 0.050000 -13.000000 -28.193672 0.045038 -13.558426 -27.831867 1.933275 -12.441553 125.000 125.000 0.000 0.000 0 1 -27.965162 1.540220 -12.929446 0
W 120 1725.500000 0.000000
C 0 6 0
S 1
