ESP1 1785852070.791980 1920 1080 -17.794247 1.551500 -6.706438 -1.821760654 -0.037644517 0.000000000 75.000000 -17.907015 0.050000 -6.735345 6
T anHsfroKNtSHGuNy -3.679113 0.053381 -9.500249 -3.872785 0.048420 -10.058675 -3.510981 1.936656 -8.941802 41.000 125.000 0.000 0.000 0 1 -3.646590 1.540057 -9.427647 1
T anHsfroKNtSHGuOG -28.000000 0.050000 -13.000000 -28.193672 0.045038 -13.558426 -27.831867 1.933275 -12.441553 125.000 125.000 0.000 0.000 0 1 -27.967478 1.536676 -12.927398 0
T anHsfroKNtSHGuN+ 26.320616 0.067953 2.599637 26.126944 0.062991 2.041210 26.488749 1.951228 3.158083 125.000 125.000 0.000 0.000 0 1 26.353138 1.554629 2.672239 1
T anHsfroKNtSHGuN2 6.322746 0.069803 -5.500765 6.129074 0.064841 -6.059191 6.490878 1.953078 -4.942318 125.000 125.000 0.000 0.000 0 1 6.355269 1.556479 -5.428162 1
T anHsfroKNtSHGuNu -8.782613 0.082291 -13.466105 -8.976285 0.077329 -14.024530 -8.614480 1.965566 -12.907658 125.000 125.000 0.000 0.000 0 1 -8.750090 1.568967 -13.393502 1
T anHsfroKNtSHGuN6 16.218206 0.078898 -1.400414 16.024534 0.073936 -1.958840 16.386339 1.962173 -0.841967 125.000 125.000 0.000 0.000 0 1 16.250729 1.565574 -1.327811 1
W 120 1725.500000 0.000000
C 0 6 0
S 1
